0.000000000000000000e+00 0.000000000000000000e+00
1.000000000000000000e+00 3.473899999999999905e-02
2.000000000000000000e+00 1.383250000000000035e-01
3.000000000000000000e+00 3.093380000000000019e-01
4.000000000000000000e+00 5.460454999999999615e-01
5.000000000000000000e+00 8.464149999999999174e-01
6.000000000000000000e+00 1.208128499999999939e+00
7.000000000000000000e+00 1.628597499999999920e+00
8.000000000000000000e+00 2.104979999999999851e+00
9.000000000000000000e+00 2.634196499999999830e+00
1.000000000000000000e+01 3.212949000000000055e+00
1.100000000000000000e+01 3.837740000000000151e+00
1.200000000000000000e+01 4.504891999999999896e+00
1.300000000000000000e+01 5.210568499999999936e+00
1.400000000000000000e+01 5.950794499999999765e+00
1.500000000000000000e+01 6.721477999999999398e+00
1.600000000000000000e+01 7.518431999999998894e+00
1.700000000000000000e+01 8.337396499999998767e+00
1.800000000000000000e+01 9.174058999999997965e+00
1.900000000000000000e+01 1.002407699999999835e+01
2.000000000000000000e+01 1.088310049999999762e+01
2.100000000000000000e+01 1.174679249999999797e+01
2.200000000000000000e+01 1.261085099999999848e+01
2.300000000000000000e+01 1.347102899999999792e+01
2.400000000000000000e+01 1.432315449999999757e+01
2.500000000000000000e+01 1.516315099999999738e+01
2.600000000000000000e+01 1.598705499999999802e+01
2.700000000000000000e+01 1.679103449999999853e+01
2.800000000000000000e+01 1.757140599999999964e+01
2.900000000000000000e+01 1.832465099999999936e+01
3.000000000000000000e+01 1.904743099999999956e+01
3.100000000000000000e+01 1.973660049999999799e+01
3.200000000000000000e+01 2.038922099999999915e+01
3.300000000000000000e+01 2.100257249999999942e+01
3.400000000000000000e+01 2.157416399999999967e+01
3.500000000000000000e+01 2.210174250000000029e+01
3.600000000000000000e+01 2.258330050000000000e+01
3.700000000000000000e+01 2.301708299999999952e+01
3.800000000000000000e+01 2.340159350000000060e+01
3.900000000000000000e+01 2.373559700000000205e+01
4.000000000000000000e+01 2.401812200000000175e+01
4.100000000000000000e+01 2.424846350000000328e+01
4.200000000000000000e+01 2.442618200000000428e+01
4.300000000000000000e+01 2.455110150000000502e+01
4.400000000000000000e+01 2.462330850000000382e+01
4.500000000000000000e+01 2.464314700000000258e+01
4.600000000000000000e+01 2.461121300000000289e+01
4.700000000000000000e+01 2.452834900000000218e+01
4.800000000000000000e+01 2.439563600000000321e+01
4.900000000000000000e+01 2.421438550000000234e+01
5.000000000000000000e+01 2.398613050000000158e+01
5.100000000000000000e+01 2.371261450000000082e+01
5.200000000000000000e+01 2.339578000000000202e+01
5.300000000000000000e+01 2.303775600000000168e+01
5.400000000000000000e+01 2.264084550000000107e+01
5.500000000000000000e+01 2.220751249999999999e+01
5.600000000000000000e+01 2.174036699999999911e+01
5.700000000000000000e+01 2.124214999999999876e+01
5.800000000000000000e+01 2.071571949999999873e+01
5.900000000000000000e+01 2.016403349999999861e+01
6.000000000000000000e+01 1.959013500000000008e+01
6.100000000000000000e+01 1.899713600000000113e+01
6.200000000000000000e+01 1.838820049999999995e+01
6.300000000000000000e+01 1.776652950000000075e+01
6.400000000000000000e+01 1.713534399999999991e+01
6.500000000000000000e+01 1.649786900000000145e+01
6.600000000000000000e+01 1.585731750000000062e+01
6.700000000000000000e+01 1.521687499999999993e+01
6.800000000000000000e+01 1.457968400000000031e+01
6.900000000000000000e+01 1.394883000000000095e+01
7.000000000000000000e+01 1.332732650000000163e+01
7.100000000000000000e+01 1.271810100000000077e+01
7.200000000000000000e+01 1.212398200000000159e+01
7.300000000000000000e+01 1.154768600000000234e+01
7.400000000000000000e+01 1.099180650000000270e+01
7.500000000000000000e+01 1.045880200000000215e+01
7.600000000000000000e+01 9.950986500000002621e+00
7.700000000000000000e+01 9.470520000000002270e+00
7.800000000000000000e+01 9.019399000000001720e+00
7.900000000000000000e+01 8.599449500000002189e+00
8.000000000000000000e+01 8.212320000000001841e+00
8.100000000000000000e+01 7.859476500000002197e+00
8.200000000000000000e+01 7.542197500000002108e+00
8.300000000000000000e+01 7.261570000000002523e+00
8.400000000000000000e+01 7.018486000000002889e+00
8.500000000000000000e+01 6.813641500000002793e+00
8.600000000000000000e+01 6.647536000000003220e+00
8.700000000000000000e+01 6.520472000000003376e+00
8.800000000000000000e+01 6.432556500000003119e+00
8.900000000000000000e+01 6.383702000000003096e+00
9.000000000000000000e+01 6.373630500000003529e+00
9.100000000000000000e+01 6.401878000000003510e+00
9.200000000000000000e+01 6.467799000000003851e+00
9.300000000000000000e+01 6.570571000000003714e+00
9.400000000000000000e+01 6.709201000000003745e+00
9.500000000000000000e+01 6.882533500000003635e+00
9.600000000000000000e+01 7.089257500000003986e+00
9.700000000000000000e+01 7.327916000000003649e+00
9.800000000000000000e+01 7.596914500000004011e+00
9.900000000000000000e+01 7.894530500000003670e+00
1.000000000000000000e+02 8.218924000000003005e+00
